 # coordinates should be           54 . It is:           18 atoms*3=          54 coordinates
/rCE: ------ 
      -1.480136444444445      -0.226724611111111       1.485133166666667
      -1.795498666666667      -0.409110333333333      -1.279316333333333
      -0.605783055555556       1.967310166666667      -0.122440833333333
       0.997701611111111      -1.142665166666667       1.383999888888889
       0.951730555555556      -1.339662888888889      -1.343117555555556
       1.991824055555555       1.121821777777778      -0.131674888888889
/rCM: ------ 
      -1.480136444444445      -0.226724611111111       1.485133166666667
      -1.795498666666667      -0.409110333333333      -1.279316333333333
      -0.605783055555556       1.967310166666667      -0.122440833333333
       0.997701611111111      -1.142665166666667       1.383999888888889
       0.951730555555556      -1.339662888888889      -1.343117555555556
       1.991824055555555       1.121821777777778      -0.131674888888889
/x: ------ 
   slice nr.  1:
       0.893957451641016      -0.104535363797486      -0.435789435818753
      -0.316745553274530      -0.835297492941287      -0.449388865868762
      -0.317036794609572       0.539768891287491      -0.779831529794712
   slice nr.  2:
       0.410283215682796       0.187933423241667       0.892383724278773
       0.455081165817814      -0.890184085198341      -0.021758377179643
       0.790296662935435       0.415034122558930      -0.450752550369774
   slice nr.  3:
       0.029011552334771      -0.038195615221331       0.998849050061615
       0.743366413396754      -0.667223689712785      -0.047105448938551
       0.668254970250707       0.743877438066192       0.009036142501462
   slice nr.  4:
      -0.376716581219587      -0.752673999999095      -0.539968950181016
       0.792389259098554      -0.563758615820234       0.233013916223258
      -0.479795664319168      -0.340085390473946       0.808788011586912
   slice nr.  5:
      -0.919422318671018      -0.359096046081059      -0.160351581278637
       0.188119140616393      -0.043517347508251      -0.981181649542833
       0.345360375352123      -0.932285508926743       0.107563660135962
   slice nr.  6:
      -0.988169464630572      -0.139329185737625       0.064097481802483
      -0.047562092315431      -0.118927771078924      -0.991763093001941
       0.145804514835130      -0.983078614998765       0.110894004282481
/dpole0: ------ 
       0.127012540675016      -0.208198310561495       0.297463687978321
      -0.302802197967924      -0.159092484342670       0.175657418819250
      -0.265552213321876      -0.295640371223636      -0.003064126847601
       0.191659270267373       0.135138813726507      -0.324800672093655
      -0.135204658847972       0.364342322945887      -0.042081703962412
      -0.059772272481568       0.378796987906252      -0.042557126212143
/qpole0: ------ 
   slice nr.  1:
       0.381657744536857      -0.182150132292468      -0.293726971945955
      -0.182150132292468      -0.362605673836378      -0.155666757866674
      -0.293726971945955      -0.155666757866674      -0.019052070700479
   slice nr.  2:
      -0.033996371717319       0.240837208407194       0.216006560075086
       0.240837208407194      -0.394439746392807       0.087356781456280
       0.216006560075086       0.087356781456280       0.428436118110126
   slice nr.  3:
      -0.298079250345918       0.239771276044471       0.033689230162132
       0.239771276044471      -0.245662695280089      -0.037242567675188
       0.033689230162132      -0.037242567675188       0.543741945626007
   slice nr.  4:
      -0.253191142661600       0.380093021703283       0.027847693202226
       0.380093021703283       0.142033400743006       0.298122034568342
       0.027847693202226       0.298122034568342       0.111157741918594
   slice nr.  5:
       0.439772183825851       0.194425815616331       0.174514170741454
       0.194425815616331       0.042749686266480       0.012520522364801
       0.174514170741454       0.012520522364801      -0.482521870092331
   slice nr.  6:
       0.531479640159307       0.076681336835226      -0.059401834441305
       0.076681336835226      -0.026376098284124      -0.062322040118434
      -0.059401834441305      -0.062322040118434      -0.505103541875183
/opole: ------ 
   4D index nr.  1:
      Slice nr.  1:
       0.340210011041167      -0.245548272316983       0.126149027219680
      -0.245548272316983       0.037545700277798       0.061008148643571
       0.126149027219680       0.061008148643571      -0.377756181119023
      Slice nr.  2:
      -0.245548272316982       0.037545700277798       0.061008148643571
       0.037545700277798       0.264543853949836      -0.111991447848611
       0.061008148643571      -0.111991447848611      -0.018994781777880
      Slice nr.  3:
       0.126149027219680       0.061008148643571      -0.377756181119023
       0.061008148643571      -0.111991447848610      -0.018994781777880
      -0.377756181119023      -0.018994781777880      -0.014158734962170
   4D index nr.  2:
      Slice nr.  1:
       0.045293815162823      -0.131972709039412      -0.345366167375223
      -0.131972709039412       0.052582898157375      -0.123609308254568
      -0.345366167375223      -0.123609308254568      -0.097875542221370
      Slice nr.  2:
      -0.131972709039412       0.052582898157375      -0.123609308254568
       0.052582898157375       0.198596403368962      -0.150755225546018
      -0.123609308254568      -0.150755225546018      -0.066623079312434
      Slice nr.  3:
      -0.345366167375223      -0.123609308254568      -0.097875542221370
      -0.123609308254568      -0.150755225546018      -0.066623079312434
      -0.097875542221370      -0.066623079312434       0.496120724974876
   4D index nr.  3:
      Slice nr.  1:
       0.307715952318326       0.043251772147341      -0.026104846986624
       0.043251772147341       0.015606548100012       0.001254670377912
      -0.026104846986624       0.001254670377912      -0.323321510166640
      Slice nr.  2:
       0.043251772147341       0.015606548100012       0.001254670377912
       0.015606548100012       0.315784700789771       0.039205638825604
       0.001254670377912       0.039205638825604      -0.359035370624479
      Slice nr.  3:
      -0.026104846986624       0.001254670377912      -0.323321510166640
       0.001254670377912       0.039205638825604      -0.359035370624479
      -0.323321510166640      -0.359035370624479      -0.013100778448799
   4D index nr.  4:
      Slice nr.  1:
      -0.115101421272026       0.176759291674982       0.158503990617946
       0.176759291674982       0.240260315124148      -0.018922066336352
       0.158503990617946      -0.018922066336352      -0.125159604835942
      Slice nr.  2:
       0.176759291674982       0.240260315124148      -0.018922066336352
       0.240260315124148       0.203489099255939       0.008415600089410
      -0.018922066336352       0.008415600089410      -0.380248894885475
      Slice nr.  3:
       0.158503990617946      -0.018922066336352      -0.125159604835942
      -0.018922066336352       0.008415600089410      -0.380248894885475
      -0.125159604835942      -0.380248894885475      -0.166918392207176
   4D index nr.  5:
      Slice nr.  1:
      -0.405590539485416       0.232308841961596      -0.114873747334416
       0.232308841961596       0.364879103401275       0.067640581417685
      -0.114873747334416       0.067640581417685       0.040711947855415
      Slice nr.  2:
       0.232308841961596       0.364879103401275       0.067640581417685
       0.364879103401275      -0.055054093680447       0.055658609000776
       0.067640581417685       0.055658609000776      -0.177256129785739
      Slice nr.  3:
      -0.114873747334416       0.067640581417685       0.040711947855415
       0.067640581417685       0.055658609000776      -0.177256129785739
       0.040711947855415      -0.177256129785739       0.059215297726540
   4D index nr.  6:
      Slice nr.  1:
      -0.206014003554639       0.439945523307471      -0.040045535694548
       0.439945523307471       0.167838584255843      -0.047229295754916
      -0.040045535694548      -0.047229295754916       0.038175635358795
      Slice nr.  2:
       0.439945523307471       0.167838584255843      -0.047229295754916
       0.167838584255843      -0.249007805484238      -0.025916444779704
      -0.047229295754916      -0.025916444779704      -0.190939174595440
      Slice nr.  3:
      -0.040045535694548      -0.047229295754916       0.038175635358795
      -0.047229295754916      -0.025916444779704      -0.190939174595440
       0.038175635358795      -0.190939174595440       0.065962144802212
/hpole: ------ 
   5D index nr.  1:
      4D index nr.  1:
         Slice nr.  1:
      -0.014445196328193      -0.292518722168302       0.116201493413757
      -0.292518722168302      -0.002694258440209      -0.085151352061863
       0.116201493413757      -0.085151352061863       0.017139454768402
         Slice nr.  2:
      -0.292518722168302      -0.002694258440209      -0.085151352061863
      -0.002694258440209       0.100611217654787       0.087202733912377
      -0.085151352061863       0.087202733912377       0.191907504513515
         Slice nr.  3:
       0.116201493413757      -0.085151352061862       0.017139454768402
      -0.085151352061862       0.087202733912377       0.191907504513515
       0.017139454768402       0.191907504513515      -0.203404227326134
      4D index nr.  2:
         Slice nr.  1:
      -0.292518722168302      -0.002694258440209      -0.085151352061863
      -0.002694258440209       0.100611217654787       0.087202733912377
      -0.085151352061863       0.087202733912377       0.191907504513515
         Slice nr.  2:
      -0.002694258440209       0.100611217654787       0.087202733912377
       0.100611217654787       0.058455777172507       0.130153418270013
       0.087202733912377       0.130153418270013      -0.055761518732297
         Slice nr.  3:
      -0.085151352061862       0.087202733912377       0.191907504513515
       0.087202733912377       0.130153418270013      -0.055761518732297
       0.191907504513515      -0.055761518732297      -0.045002066208151
      4D index nr.  3:
         Slice nr.  1:
       0.116201493413757      -0.085151352061862       0.017139454768402
      -0.085151352061862       0.087202733912377       0.191907504513515
       0.017139454768402       0.191907504513515      -0.203404227326134
         Slice nr.  2:
      -0.085151352061862       0.087202733912377       0.191907504513515
       0.087202733912377       0.130153418270013      -0.055761518732297
       0.191907504513515      -0.055761518732297      -0.045002066208151
         Slice nr.  3:
       0.017139454768402       0.191907504513515      -0.203404227326134
       0.191907504513515      -0.055761518732297      -0.045002066208151
      -0.203404227326134      -0.045002066208151       0.038622063963895
   5D index nr.  2:
      4D index nr.  1:
         Slice nr.  1:
       0.016370431699437       0.091953335154034       0.184294948641739
       0.091953335154034       0.069353350862246       0.174977716992905
       0.184294948641739       0.174977716992905      -0.085723782561682
         Slice nr.  2:
       0.091953335154034       0.069353350862245       0.174977716992905
       0.069353350862245      -0.163230432378368       0.023733136415301
       0.174977716992905       0.023733136415301       0.071277097224335
         Slice nr.  3:
       0.184294948641739       0.174977716992905      -0.085723782561682
       0.174977716992905       0.023733136415301       0.071277097224335
      -0.085723782561682       0.071277097224335      -0.208028085057040
      4D index nr.  2:
         Slice nr.  1:
       0.091953335154034       0.069353350862246       0.174977716992905
       0.069353350862245      -0.163230432378368       0.023733136415301
       0.174977716992905       0.023733136415301       0.071277097224335
         Slice nr.  2:
       0.069353350862245      -0.163230432378368       0.023733136415301
      -0.163230432378368       0.115302483974424      -0.045691102402737
       0.023733136415301      -0.045691102402737      -0.184655834836670
         Slice nr.  3:
       0.174977716992905       0.023733136415301       0.071277097224335
       0.023733136415301      -0.045691102402737      -0.184655834836670
       0.071277097224335      -0.184655834836670      -0.129286614590168
      4D index nr.  3:
         Slice nr.  1:
       0.184294948641739       0.174977716992905      -0.085723782561682
       0.174977716992905       0.023733136415301       0.071277097224335
      -0.085723782561682       0.071277097224335      -0.208028085057040
         Slice nr.  2:
       0.174977716992905       0.023733136415301       0.071277097224335
       0.023733136415301      -0.045691102402737      -0.184655834836670
       0.071277097224335      -0.184655834836670      -0.129286614590168
         Slice nr.  3:
      -0.085723782561682       0.071277097224335      -0.208028085057040
       0.071277097224335      -0.184655834836670      -0.129286614590168
      -0.208028085057040      -0.129286614590168       0.270379617398352
   5D index nr.  3:
      4D index nr.  1:
         Slice nr.  1:
      -0.041289256165326      -0.159293414113698      -0.004450406389051
      -0.159293414113698       0.034585979102897       0.023218272127510
      -0.004450406389051       0.023218272127510       0.006703277062429
         Slice nr.  2:
      -0.159293414113698       0.034585979102897       0.023218272127510
       0.034585979102897      -0.139051720108796      -0.027283931163149
       0.023218272127510      -0.027283931163149       0.298345134222494
         Slice nr.  3:
      -0.004450406389051       0.023218272127510       0.006703277062429
       0.023218272127510      -0.027283931163149       0.298345134222494
       0.006703277062429       0.298345134222494       0.031734337552199
      4D index nr.  2:
         Slice nr.  1:
      -0.159293414113698       0.034585979102897       0.023218272127510
       0.034585979102897      -0.139051720108796      -0.027283931163149
       0.023218272127510      -0.027283931163149       0.298345134222494
         Slice nr.  2:
       0.034585979102897      -0.139051720108796      -0.027283931163149
      -0.139051720108796      -0.105317845957689      -0.008002187359394
      -0.027283931163149      -0.008002187359394       0.070731866854792
         Slice nr.  3:
       0.023218272127510      -0.027283931163149       0.298345134222494
      -0.027283931163149      -0.008002187359394       0.070731866854792
       0.298345134222494       0.070731866854792      -0.015216084768116
      4D index nr.  3:
         Slice nr.  1:
      -0.004450406389051       0.023218272127510       0.006703277062429
       0.023218272127510      -0.027283931163149       0.298345134222494
       0.006703277062429       0.298345134222494       0.031734337552199
         Slice nr.  2:
       0.023218272127510      -0.027283931163149       0.298345134222494
      -0.027283931163149      -0.008002187359394       0.070731866854792
       0.298345134222494       0.070731866854792      -0.015216084768116
         Slice nr.  3:
       0.006703277062429       0.298345134222494       0.031734337552199
       0.298345134222494       0.070731866854792      -0.015216084768116
       0.031734337552199      -0.015216084768116      -0.077435143917220
   5D index nr.  4:
      4D index nr.  1:
         Slice nr.  1:
      -0.013657430486862      -0.104861024950248      -0.036742250078607
      -0.104861024950248       0.199634983828369      -0.100272319321513
      -0.036742250078607      -0.100272319321513      -0.185977553341507
         Slice nr.  2:
      -0.104861024950248       0.199634983828369      -0.100272319321513
       0.199634983828369       0.194469419290836       0.013957511260046
      -0.100272319321513       0.013957511260046      -0.089608394340588
         Slice nr.  3:
      -0.036742250078607      -0.100272319321513      -0.185977553341507
      -0.100272319321513       0.013957511260046      -0.089608394340588
      -0.185977553341507      -0.089608394340588       0.022784738818561
      4D index nr.  2:
         Slice nr.  1:
      -0.104861024950248       0.199634983828369      -0.100272319321513
       0.199634983828369       0.194469419290836       0.013957511260046
      -0.100272319321513       0.013957511260046      -0.089608394340588
         Slice nr.  2:
       0.199634983828369       0.194469419290836       0.013957511260046
       0.194469419290836      -0.160700707774854      -0.158841471901780
       0.013957511260046      -0.158841471901780      -0.038934276053515
         Slice nr.  3:
      -0.100272319321513       0.013957511260046      -0.089608394340588
       0.013957511260046      -0.158841471901780      -0.038934276053515
      -0.089608394340588      -0.038934276053515       0.259113791223293
      4D index nr.  3:
         Slice nr.  1:
      -0.036742250078607      -0.100272319321513      -0.185977553341507
      -0.100272319321513       0.013957511260046      -0.089608394340588
      -0.185977553341507      -0.089608394340588       0.022784738818561
         Slice nr.  2:
      -0.100272319321513       0.013957511260046      -0.089608394340588
       0.013957511260046      -0.158841471901780      -0.038934276053515
      -0.089608394340588      -0.038934276053515       0.259113791223293
         Slice nr.  3:
      -0.185977553341507      -0.089608394340588       0.022784738818561
      -0.089608394340588      -0.038934276053515       0.259113791223293
       0.022784738818561       0.259113791223293       0.224911829395022
   5D index nr.  5:
      4D index nr.  1:
         Slice nr.  1:
       0.099719446610696      -0.249025765209278       0.160879391912203
      -0.249025765209278       0.071804065693321      -0.033976117718478
       0.160879391912203      -0.033976117718478      -0.171523512304016
         Slice nr.  2:
      -0.249025765209278       0.071804065693321      -0.033976117718478
       0.071804065693321       0.328155990805728       0.008805180626193
      -0.033976117718478       0.008805180626193      -0.079130225596450
         Slice nr.  3:
       0.160879391912203      -0.033976117718478      -0.171523512304016
      -0.033976117718478       0.008805180626193      -0.079130225596450
      -0.171523512304016      -0.079130225596450      -0.169684572538397
      4D index nr.  2:
         Slice nr.  1:
      -0.249025765209278       0.071804065693321      -0.033976117718478
       0.071804065693321       0.328155990805728       0.008805180626193
      -0.033976117718478       0.008805180626193      -0.079130225596450
         Slice nr.  2:
       0.071804065693321       0.328155990805728       0.008805180626193
       0.328155990805728       0.011889488936162       0.051392002762841
       0.008805180626193       0.051392002762841      -0.083693554629483
         Slice nr.  3:
      -0.033976117718478       0.008805180626193      -0.079130225596450
       0.008805180626193       0.051392002762841      -0.083693554629483
      -0.079130225596450      -0.083693554629483      -0.017415885044363
      4D index nr.  3:
         Slice nr.  1:
       0.160879391912203      -0.033976117718478      -0.171523512304016
      -0.033976117718478       0.008805180626193      -0.079130225596450
      -0.171523512304016      -0.079130225596450      -0.169684572538397
         Slice nr.  2:
      -0.033976117718478       0.008805180626193      -0.079130225596450
       0.008805180626193       0.051392002762841      -0.083693554629483
      -0.079130225596450      -0.083693554629483      -0.017415885044363
         Slice nr.  3:
      -0.171523512304016      -0.079130225596450      -0.169684572538397
      -0.079130225596450      -0.083693554629483      -0.017415885044363
      -0.169684572538397      -0.017415885044363       0.255217066933499
   5D index nr.  6:
      4D index nr.  1:
         Slice nr.  1:
      -0.032290736388609      -0.153465605073239      -0.017474353243352
      -0.153465605073239       0.282337158759120      -0.060368823274945
      -0.017474353243352      -0.060368823274945      -0.250046422370510
         Slice nr.  2:
      -0.153465605073239       0.282337158759120      -0.060368823274945
       0.282337158759120       0.169764787836296      -0.043360901077699
      -0.060368823274945      -0.043360901077699      -0.016299182763057
         Slice nr.  3:
      -0.017474353243352      -0.060368823274945      -0.250046422370510
      -0.060368823274945      -0.043360901077699      -0.016299182763057
      -0.250046422370510      -0.016299182763057       0.060835254321051
      4D index nr.  2:
         Slice nr.  1:
      -0.153465605073239       0.282337158759120      -0.060368823274945
       0.282337158759120       0.169764787836296      -0.043360901077699
      -0.060368823274945      -0.043360901077699      -0.016299182763057
         Slice nr.  2:
       0.282337158759120       0.169764787836296      -0.043360901077699
       0.169764787836296      -0.231903110619470      -0.001092206423948
      -0.043360901077699      -0.001092206423948      -0.050434048139650
         Slice nr.  3:
      -0.060368823274945      -0.043360901077699      -0.016299182763057
      -0.043360901077699      -0.001092206423948      -0.050434048139649
      -0.016299182763057      -0.050434048139649       0.061461029698893
      4D index nr.  3:
         Slice nr.  1:
      -0.017474353243352      -0.060368823274945      -0.250046422370510
      -0.060368823274945      -0.043360901077699      -0.016299182763057
      -0.250046422370510      -0.016299182763057       0.060835254321051
         Slice nr.  2:
      -0.060368823274945      -0.043360901077699      -0.016299182763057
      -0.043360901077699      -0.001092206423948      -0.050434048139649
      -0.016299182763057      -0.050434048139649       0.061461029698893
         Slice nr.  3:
      -0.250046422370510      -0.016299182763057       0.060835254321051
      -0.016299182763057      -0.050434048139649       0.061461029698893
       0.060835254321051       0.061461029698893       0.300480470510160
/opole: ------ 
   4D index nr.  1:
      Slice nr.  1:
       0.340210011041167      -0.245548272316983       0.126149027219680
      -0.245548272316983       0.037545700277798       0.061008148643571
       0.126149027219680       0.061008148643571      -0.377756181119023
      Slice nr.  2:
      -0.245548272316982       0.037545700277798       0.061008148643571
       0.037545700277798       0.264543853949836      -0.111991447848611
       0.061008148643571      -0.111991447848611      -0.018994781777880
      Slice nr.  3:
       0.126149027219680       0.061008148643571      -0.377756181119023
       0.061008148643571      -0.111991447848610      -0.018994781777880
      -0.377756181119023      -0.018994781777880      -0.014158734962170
   4D index nr.  2:
      Slice nr.  1:
       0.045293815162823      -0.131972709039412      -0.345366167375223
      -0.131972709039412       0.052582898157375      -0.123609308254568
      -0.345366167375223      -0.123609308254568      -0.097875542221370
      Slice nr.  2:
      -0.131972709039412       0.052582898157375      -0.123609308254568
       0.052582898157375       0.198596403368962      -0.150755225546018
      -0.123609308254568      -0.150755225546018      -0.066623079312434
      Slice nr.  3:
      -0.345366167375223      -0.123609308254568      -0.097875542221370
      -0.123609308254568      -0.150755225546018      -0.066623079312434
      -0.097875542221370      -0.066623079312434       0.496120724974876
   4D index nr.  3:
      Slice nr.  1:
       0.307715952318326       0.043251772147341      -0.026104846986624
       0.043251772147341       0.015606548100012       0.001254670377912
      -0.026104846986624       0.001254670377912      -0.323321510166640
      Slice nr.  2:
       0.043251772147341       0.015606548100012       0.001254670377912
       0.015606548100012       0.315784700789771       0.039205638825604
       0.001254670377912       0.039205638825604      -0.359035370624479
      Slice nr.  3:
      -0.026104846986624       0.001254670377912      -0.323321510166640
       0.001254670377912       0.039205638825604      -0.359035370624479
      -0.323321510166640      -0.359035370624479      -0.013100778448799
   4D index nr.  4:
      Slice nr.  1:
      -0.115101421272026       0.176759291674982       0.158503990617946
       0.176759291674982       0.240260315124148      -0.018922066336352
       0.158503990617946      -0.018922066336352      -0.125159604835942
      Slice nr.  2:
       0.176759291674982       0.240260315124148      -0.018922066336352
       0.240260315124148       0.203489099255939       0.008415600089410
      -0.018922066336352       0.008415600089410      -0.380248894885475
      Slice nr.  3:
       0.158503990617946      -0.018922066336352      -0.125159604835942
      -0.018922066336352       0.008415600089410      -0.380248894885475
      -0.125159604835942      -0.380248894885475      -0.166918392207176
   4D index nr.  5:
      Slice nr.  1:
      -0.405590539485416       0.232308841961596      -0.114873747334416
       0.232308841961596       0.364879103401275       0.067640581417685
      -0.114873747334416       0.067640581417685       0.040711947855415
      Slice nr.  2:
       0.232308841961596       0.364879103401275       0.067640581417685
       0.364879103401275      -0.055054093680447       0.055658609000776
       0.067640581417685       0.055658609000776      -0.177256129785739
      Slice nr.  3:
      -0.114873747334416       0.067640581417685       0.040711947855415
       0.067640581417685       0.055658609000776      -0.177256129785739
       0.040711947855415      -0.177256129785739       0.059215297726540
   4D index nr.  6:
      Slice nr.  1:
      -0.206014003554639       0.439945523307471      -0.040045535694548
       0.439945523307471       0.167838584255843      -0.047229295754916
      -0.040045535694548      -0.047229295754916       0.038175635358795
      Slice nr.  2:
       0.439945523307471       0.167838584255843      -0.047229295754916
       0.167838584255843      -0.249007805484238      -0.025916444779704
      -0.047229295754916      -0.025916444779704      -0.190939174595440
      Slice nr.  3:
      -0.040045535694548      -0.047229295754916       0.038175635358795
      -0.047229295754916      -0.025916444779704      -0.190939174595440
       0.038175635358795      -0.190939174595440       0.065962144802212
/opole_orig: ------ 
   4D index nr.  1:
      Slice nr.  1:
       0.000000000000000       0.000000000000000       0.000000000000000
       0.000000000000000       0.000000000000000       0.000000000000000
       0.000000000000000       0.000000000000000       0.000000000000000
      Slice nr.  2:
       0.000000000000000       0.000000000000000       0.000000000000000
       0.000000000000000       0.000000000000000       0.000000000000000
       0.000000000000000       0.000000000000000       0.000000000000000
      Slice nr.  3:
       0.000000000000000       0.000000000000000       0.000000000000000
       0.000000000000000       0.000000000000000       0.000000000000000
       0.000000000000000       0.000000000000000       0.000000000000000
   4D index nr.  2:
      Slice nr.  1:
       0.000000000000000       0.000000000000000       0.000000000000000
       0.000000000000000       0.000000000000000       0.000000000000000
       0.000000000000000       0.000000000000000       0.000000000000000
      Slice nr.  2:
       0.000000000000000       0.000000000000000       0.000000000000000
       0.000000000000000       0.000000000000000       0.000000000000000
       0.000000000000000       0.000000000000000       0.000000000000000
      Slice nr.  3:
       0.000000000000000       0.000000000000000       0.000000000000000
       0.000000000000000       0.000000000000000       0.000000000000000
       0.000000000000000       0.000000000000000       0.000000000000000
   4D index nr.  3:
      Slice nr.  1:
       0.000000000000000       0.000000000000000       0.000000000000000
       0.000000000000000       0.000000000000000       0.000000000000000
       0.000000000000000       0.000000000000000       0.000000000000000
      Slice nr.  2:
       0.000000000000000       0.000000000000000       0.000000000000000
       0.000000000000000       0.000000000000000       0.000000000000000
       0.000000000000000       0.000000000000000       0.000000000000000
      Slice nr.  3:
       0.000000000000000       0.000000000000000       0.000000000000000
       0.000000000000000       0.000000000000000       0.000000000000000
       0.000000000000000       0.000000000000000       0.000000000000000
   4D index nr.  4:
      Slice nr.  1:
       0.000000000000000       0.000000000000000       0.000000000000000
       0.000000000000000       0.000000000000000       0.000000000000000
       0.000000000000000       0.000000000000000       0.000000000000000
      Slice nr.  2:
       0.000000000000000       0.000000000000000       0.000000000000000
       0.000000000000000       0.000000000000000       0.000000000000000
       0.000000000000000       0.000000000000000       0.000000000000000
      Slice nr.  3:
       0.000000000000000       0.000000000000000       0.000000000000000
       0.000000000000000       0.000000000000000       0.000000000000000
       0.000000000000000       0.000000000000000       0.000000000000000
   4D index nr.  5:
      Slice nr.  1:
       0.000000000000000       0.000000000000000       0.000000000000000
       0.000000000000000       0.000000000000000       0.000000000000000
       0.000000000000000       0.000000000000000       0.000000000000000
      Slice nr.  2:
       0.000000000000000       0.000000000000000       0.000000000000000
       0.000000000000000       0.000000000000000       0.000000000000000
       0.000000000000000       0.000000000000000       0.000000000000000
      Slice nr.  3:
       0.000000000000000       0.000000000000000       0.000000000000000
       0.000000000000000       0.000000000000000       0.000000000000000
       0.000000000000000       0.000000000000000       0.000000000000000
   4D index nr.  6:
      Slice nr.  1:
       0.000000000000000       0.000000000000000       0.000000000000000
       0.000000000000000       0.000000000000000       0.000000000000000
       0.000000000000000       0.000000000000000       0.000000000000000
      Slice nr.  2:
       0.000000000000000       0.000000000000000       0.000000000000000
       0.000000000000000       0.000000000000000       0.000000000000000
       0.000000000000000       0.000000000000000       0.000000000000000
      Slice nr.  3:
       0.000000000000000       0.000000000000000       0.000000000000000
       0.000000000000000       0.000000000000000       0.000000000000000
       0.000000000000000       0.000000000000000       0.000000000000000
/new-orig as %of new : ------ 
   4D index nr.  1:
      Slice nr.  1:
     100.000000000000000     100.000000000000000     100.000000000000000
     100.000000000000000     100.000000000000000     100.000000000000000
     100.000000000000000     100.000000000000000     100.000000000000000
      Slice nr.  2:
     100.000000000000000     100.000000000000000     100.000000000000000
     100.000000000000000     100.000000000000000     100.000000000000000
     100.000000000000000     100.000000000000000     100.000000000000000
      Slice nr.  3:
     100.000000000000000     100.000000000000000     100.000000000000000
     100.000000000000000     100.000000000000000     100.000000000000000
     100.000000000000000     100.000000000000000     100.000000000000000
   4D index nr.  2:
      Slice nr.  1:
     100.000000000000000     100.000000000000000     100.000000000000000
     100.000000000000000     100.000000000000000     100.000000000000000
     100.000000000000000     100.000000000000000     100.000000000000000
      Slice nr.  2:
     100.000000000000000     100.000000000000000     100.000000000000000
     100.000000000000000     100.000000000000000     100.000000000000000
     100.000000000000000     100.000000000000000     100.000000000000000
      Slice nr.  3:
     100.000000000000000     100.000000000000000     100.000000000000000
     100.000000000000000     100.000000000000000     100.000000000000000
     100.000000000000000     100.000000000000000     100.000000000000000
   4D index nr.  3:
      Slice nr.  1:
     100.000000000000000     100.000000000000000     100.000000000000000
     100.000000000000000     100.000000000000000     100.000000000000000
     100.000000000000000     100.000000000000000     100.000000000000000
      Slice nr.  2:
     100.000000000000000     100.000000000000000     100.000000000000000
     100.000000000000000     100.000000000000000     100.000000000000000
     100.000000000000000     100.000000000000000     100.000000000000000
      Slice nr.  3:
     100.000000000000000     100.000000000000000     100.000000000000000
     100.000000000000000     100.000000000000000     100.000000000000000
     100.000000000000000     100.000000000000000     100.000000000000000
   4D index nr.  4:
      Slice nr.  1:
     100.000000000000000     100.000000000000000     100.000000000000000
     100.000000000000000     100.000000000000000     100.000000000000000
     100.000000000000000     100.000000000000000     100.000000000000000
      Slice nr.  2:
     100.000000000000000     100.000000000000000     100.000000000000000
     100.000000000000000     100.000000000000000     100.000000000000000
     100.000000000000000     100.000000000000000     100.000000000000000
      Slice nr.  3:
     100.000000000000000     100.000000000000000     100.000000000000000
     100.000000000000000     100.000000000000000     100.000000000000000
     100.000000000000000     100.000000000000000     100.000000000000000
   4D index nr.  5:
      Slice nr.  1:
     100.000000000000000     100.000000000000000     100.000000000000000
     100.000000000000000     100.000000000000000     100.000000000000000
     100.000000000000000     100.000000000000000     100.000000000000000
      Slice nr.  2:
     100.000000000000000     100.000000000000000     100.000000000000000
     100.000000000000000     100.000000000000000     100.000000000000000
     100.000000000000000     100.000000000000000     100.000000000000000
      Slice nr.  3:
     100.000000000000000     100.000000000000000     100.000000000000000
     100.000000000000000     100.000000000000000     100.000000000000000
     100.000000000000000     100.000000000000000     100.000000000000000
   4D index nr.  6:
      Slice nr.  1:
     100.000000000000000     100.000000000000000     100.000000000000000
     100.000000000000000     100.000000000000000     100.000000000000000
     100.000000000000000     100.000000000000000     100.000000000000000
      Slice nr.  2:
     100.000000000000000     100.000000000000000     100.000000000000000
     100.000000000000000     100.000000000000000     100.000000000000000
     100.000000000000000     100.000000000000000     100.000000000000000
      Slice nr.  3:
     100.000000000000000     100.000000000000000     100.000000000000000
     100.000000000000000     100.000000000000000     100.000000000000000
     100.000000000000000     100.000000000000000     100.000000000000000
/fCM: ------ 
       0.101548369983648      -0.013456034634728      -0.076446009419833
       0.049322245966648       0.013434861391357       0.055128254617137
       0.047681501748518      -0.067119583927007       0.010197001116219
      -0.091151183051885       0.055695001350989      -0.068061068512865
      -0.022950327306901       0.031137222403670       0.075569847993914
      -0.084450605985061      -0.019691470165939       0.003611930720235
/tauu: ------ 
       0.002279391813139       0.007835692777515       0.001512973418864
      -0.004431277338182       0.010262353262970      -0.002190036026409
       0.000950414332608       0.002407197601843       0.002819107294128
       0.006112488729773       0.001382385415659      -0.000194735263884
       0.007525636026648      -0.001375196301965       0.000756805418698
       0.001039702973393       0.001022263545479       0.005627146183796
/u_multipole:        -3.167997633956384
/uDisp:        -1.237717142404260
/u_ps:         0.105391595422925
/u_tot:        -4.300323180937719
