 things in coordinates should be 81 and it is:           81
/internal_coords: ------ 
     106.108309481680095       0.984476619975644       0.982129178669244
     100.669310805214536       0.977639923392663       1.004166916787729
      98.711072494895816       0.979207792353627       0.993588839248397
     107.972820177256793       0.979273431824879       0.944086334051345
     111.891859626059897       1.004837551809711       0.929566783499829
     107.369403321289752       0.988102375233680       0.993077984311921
     104.955404376277130       0.978925981145682       0.966658964185174
     103.284150614234392       0.996462156774921       0.980040451701854
     102.242930232419354       0.972220490575339       0.995255123474591
/rCE: ------ 
      -1.099633362558153      -0.802866683238082      -0.989505536026425
      -0.222405552864075       2.566550036271413       0.885572234789530
      -0.701611101627350       1.590450008710225      -2.185677839650048
      -2.151794453461965       0.491777769393391       1.190977722406387
      -1.926283319791158       4.817599932352702       0.810861094958252
      -3.610361006524828       2.673994547790951      -0.067738887336519
       1.133433381716410       4.150377816624111      -1.261111110448837
      -3.036394463645087       3.186283336745368      -2.611550072828928
      -1.263077828619215       5.158572064505683      -1.851205587387085
/rCM: ------ 
      -1.099633362558153      -0.802866683238082      -0.989505536026425
      -0.222405552864075       2.566550036271413       0.885572234789530
      -0.701611101627350       1.590450008710225      -2.185677839650048
      -2.151794453461965       0.491777769393391       1.190977722406387
      -1.926283319791158       4.817599932352702       0.810861094958252
      -3.610361006524828       2.673994547790951      -0.067738887336519
       1.133433381716410       4.150377816624111      -1.261111110448837
      -3.036394463645087       3.186283336745368      -2.611550072828928
      -1.263077828619215       5.158572064505683      -1.851205587387085
/rotation matrices: ------ 
   slice nr.  1:
       0.384807255667477       0.883161451003449       0.268233531548812
      -0.913008009511213       0.321575429249174       0.251009198778814
       0.135424335161879      -0.341489523652912       0.930078036877159
   slice nr.  2:
      -0.069611400024166      -0.986016784592707       0.151410546158894
      -0.148418832047937      -0.139852712713793      -0.978985734850166
       0.986471542052888      -0.090620744027250      -0.136608116419727
   slice nr.  3:
      -0.736089251400853      -0.123041421605002      -0.665607558957643
       0.574398137483621       0.406690936602652      -0.710400775436376
       0.358105282881276      -0.905242117145837      -0.228686063672108
   slice nr.  4:
      -0.516177920870159       0.211032399229452       0.830075707680704
       0.830269389278795      -0.114643339824842       0.545444448005864
       0.210269101945047       0.970732831993060      -0.116037380433878
   slice nr.  5:
      -0.301539441470401       0.347023205984814       0.888059040686902
      -0.953139908969004      -0.085819188362686      -0.290102362691738
      -0.024459745875161      -0.933921817614725       0.356639537088825
   slice nr.  6:
      -0.081761524343653       0.996593873445634       0.010756604837482
       0.651617223997563       0.061619535969455      -0.756041021490645
      -0.754128667089848      -0.054805877399569      -0.654435840457834
   slice nr.  7:
      -0.397936404164483      -0.828665114885641       0.393650537421467
      -0.879341624645333       0.466852552833866       0.093845623651872
      -0.261543352824629      -0.308808713096102      -0.914457354560168
   slice nr.  8:
      -0.271986444424811       0.098707764788189      -0.957225235365047
      -0.174285690970521       0.973221866911791       0.149878936771169
       0.946386745454562       0.207595700666578      -0.247499804227549
   slice nr.  9:
      -0.941652034708161      -0.082618746742405      -0.326290649906942
      -0.204140842511210      -0.630573702428110       0.748801256826482
      -0.267615324577636       0.771719475258218       0.576915149357674
/new_multipole:        -4.809917262731480
/old_multipole:        -4.767138420852075
/uDisp:        -1.939299258746737
/u_ps:         0.456598460221620
/u_tot:        -6.249839219377192
 test_scme_cluster_9_perf() energy is  -6.2498392193771917     
