module compressed_arrays
implicit none



integer j11,j22, i00, matcol, matrow, icol, irow 
integer, parameter :: matk = 7, matsize = (matk+1)*(matk+2)/2
!integer, parameter :: sumfacv(matk+1) = [(i00*(i00+1)/2, i00 = 1,matk+1)]


integer, parameter :: v2(matsize) = [((j11, j22=1,j11),j11 = 1,matk+1)]-1
integer, parameter :: v3(matsize) = 2 *v2 !for trace matrix
integer, parameter :: v4(matsize) = v2*v2 !for trace matrix




!applequist g-function arrays. Create higher order arrays with "print_apple_g" in compressed_utils.f90
integer, parameter :: g00(1) = [1]
integer, parameter :: g01(3) = [1,1,1]
integer, parameter :: g02(6) = [1,2,2,1,2,1]
integer, parameter :: g03(10) = [1,3,3,3,6,3,1,3,3,1]
integer, parameter :: g04(15) = [1,4,4,6,12,6,4,12,12,4,1,4,6,4,1]
integer, parameter :: g05(21) = [1,5,5,10,20,10,10,30,30,10,5,20,30,20,5,1,5,10,10,5,1]
integer, parameter :: g06(28) = [1,6,6,15,30,15,20,60,60,20,15,60,90,60,15,6,30,60,60,30,6,1,6,15,20,15,6,1]
integer, parameter :: g07(36) = [& 
1,7,7,21,42,21,35,105,105,35,35,140,210,140,35,21,105,210,210,105,21,7,42,105,140,105,42,7,1,7,21,35,35,21,7,1]
integer, parameter :: g08(45) = [& 
1,8,8,28,56,28,56,168,168,56,70,280,420,280,70,56,280,560,560,280,56,28,168,420,560,420,168,28,8,56,168,280,280,& 
168,56,8,1,8,28,56,70,56,28,8,1]
integer, parameter :: g09(55) = [& 
1,9,9,36,72,36,84,252,252,84,126,504,756,504,126,126,630,1260,1260,630,126,84,504,1260,1680,1260,504,84,36,252,& 
756,1260,1260,756,252,36,9,72,252,504,630,504,252,72,9,1,9,36,84,126,126,84,36,9,1]
integer, parameter :: g10(66) = [& 
1,10,10,45,90,45,120,360,360,120,210,840,1260,840,210,252,1260,2520,2520,1260,252,210,1260,3150,4200,3150,1260,& 
210,120,840,2520,4200,4200,2520,840,120,45,360,1260,2520,3150,2520,1260,360,45,10,90,360,840,1260,1260,840,360,& 
90,10,1,10,45,120,210,252,210,120,45,10,1]




integer, parameter :: gg10(0:285) = [g00,g01,g02,g03,g04,g05,g06,g07,g08,g09,g10] 




!Choose matrix. Create higher order matrix with "print_choose_matrix" in compressed_utils.f90
integer, parameter :: choose_matrix(0:19,0:19) = reshape( [&
 1, 1,  1,  1,   1,    1,    1,    1,    1,    1,    1,    1,    1,    1,    1,   1,    1,    1,    1,    1,&
 1, 1,  2,  3,   4,    5,    6,    7,    8,    9,   10,   11,   12,   13,   14,  15,   16,   17,   18,   19,&
 1, 2,  1,  3,   6,   10,   15,   21,   28,   36,   45,   55,   66,   78,   91, 105,  120,  136,  153,  171,&
 1, 3,  3,  1,   4,   10,   20,   35,   56,   84,  120,  165,  220,  286,  364, 455,  560,  680,  816,  969,&
 1, 4,  6,  4,   1,    5,   15,   35,   70,  126,  210,  330,  495,  715, 1001,1365, 1820, 2380, 3060, 3876,&
 1, 5, 10, 10,   5,    1,    6,   21,   56,  126,  252,  462,  792, 1287, 2002,3003, 4368, 6188, 8568,11628,&
 1, 6, 15, 20,  15,    6,    1,    7,   28,   84,  210,  462,  924, 1716, 3003,5005, 8008,12376,18564,27132,&
 1, 7, 21, 35,  35,   21,    7,    1,    8,   36,  120,  330,  792, 1716, 3432,6435,11440,19448,31824,50388,&
 1, 8, 28, 56,  70,   56,   28,    8,    1,    9,   45,  165,  495, 1287, 3003,6435,12870,24310,43758,75582,&
 1, 9, 36, 84, 126,  126,   84,   36,    9,    1,   10,   55,  220,  715, 2002,5005,11440,24310,48620,92378,&
 1,10, 45,120, 210,  252,  210,  120,   45,   10,    1,   11,   66,  286, 1001,3003, 8008,19448,43758,92378,&
 1,11, 55,165, 330,  462,  462,  330,  165,   55,   11,    1,   12,   78,  364,1365, 4368,12376,31824,75582,&
 1,12, 66,220, 495,  792,  924,  792,  495,  220,   66,   12,    1,   13,   91, 455, 1820, 6188,18564,50388,&
 1,13, 78,286, 715, 1287, 1716, 1716, 1287,  715,  286,   78,   13,    1,   14, 105,  560, 2380, 8568,27132,&
 1,14, 91,364,1001, 2002, 3003, 3432, 3003, 2002, 1001,  364,   91,   14,    1,  15,  120,  680, 3060,11628,&
 1,15,105,455,1365, 3003, 5005, 6435, 6435, 5005, 3003, 1365,  455,  105,   15,   1,   16,  136,  816, 3876,&
 1,16,120,560,1820, 4368, 8008,11440,12870,11440, 8008, 4368, 1820,  560,  120,  16,    1,   17,  153,  969,&
 1,17,136,680,2380, 6188,12376,19448,24310,24310,19448,12376, 6188, 2380,  680, 136,   17,    1,   18,  171,&
 1,18,153,816,3060, 8568,18564,31824,43758,48620,43758,31824,18564, 8568, 3060, 816,  153,   18,    1,   19,&
 1,19,171,969,3876,11628,27132,50388,75582,92378,92378,75582,50388,27132,11628,3876,  969,  171,   19,    1 &
 ], shape(choose_matrix) )


! matrix of: binaomial coefficients / pascal-triangle / choose 
integer, parameter :: matchoo(0:matk,0:matk) = choose_matrix(0:matk,0:matk)

!integer, parameter :: temp_position(0:10) = [0, 1, 4, 10, 20, 35, 56, 84, 120, 165, 220]
integer, parameter :: temp_position(0:matk+1) = [(i00*(i00+1)*(i00+2)/6,i00=0,matk+1)]

integer, parameter :: pos00(0:matk+1) = temp_position(:)-1
integer, parameter :: len00(0:matk+1) = [(i00*(i00+1)/2,i00=0+1,matk+1+1)]

integer, parameter :: gg(0:pos00(matk+1)) = gg10(0:pos00(matk+1))






integer, parameter :: matr(matsize,matsize) = reshape( [ &
                        ((matrow + matcol -1 + v2(matcol)*v2(matrow), matcol = 1,matsize), matrow = 1, matsize) &
                        ], shape(matr) )

integer, parameter :: tsize = (matk/2+1)*(matk/2+2)/2

integer, parameter :: tmatr(matsize,tsize) = reshape([ &
                        (( (icol-1)*2 + v4(icol) + irow + (v3(icol))*(v2(irow)), icol = 1,tsize),irow=1,matsize) &
                        ], shape(tmatr), order=[2,1])


private
public matr, gg, pos00, len00, matchoo, tmatr 


end module




































!integer, parameter :: g00(1)  = [ 1] ! for the 0th index! Fucking shit should use 0-indexing!
!integer, parameter :: g01(3)  = [ 1,   1,   1]
!integer, parameter :: g02(6)  = [ 1,   2,   2,   1,   2,   1]
!integer, parameter :: g03(10) = [ 1,   3,   3,   3,   6,   3,   1,   3,   3,   1]
!integer, parameter :: g04(15) = [ 1,   4,   4,   6,  12,   6,   4,  12,  12,   4,   1,   4,   6,   4,   1]
!integer, parameter :: g05(21) = [ &
!1,   5,   5,  10,  20,  10,  10,  30,  30,  10,   5,  20,  30,  20,   5,   1,   5,  10,  10,   5,   1]
!
!integer, parameter :: g06(28) = [ &
!1,   6,   6,  15,  30,  15,  20,  60,  60,  20,  15,  60,  90,  &
!       60,  15,   6,  30,  60,  60,  30,   6,   1,   6,  15,  20,  15,   6,   1]
!
!integer, parameter :: g07(36) = [&
! 1,   7,   7,  21,  42,  21,  35, 105, 105,  35,  35, 140, 210, 140,  35,  21, 105, 210, 210, 105,  21, &
!        7,  42, 105, 140, 105,  42,   7,   1,   7,  21,  35,  35,  21,   7,   1]
!
!integer, parameter :: g08(45) = [&
! 1,   8,   8,  28,  56,  28,  56, 168, 168,  56,  70, 280, 420, 280,  70,  56, 280, 560, 560, 280,  56,  &
!       28, 168, 420, 560, 420, 168,  28,   8,  56, 168, 280, 280, 168,  56,   8,   1,   8,  28,  56,  70,  &
!       56,  28,   8,   1]
!
!integer, parameter :: g09(55) = [&
! 1,    9,    9,   36,   72,   36,   84,  252,  252,   84,  126,  504,  756,  504,  126,  126,  630, 1260, &
!      1260,  630,  126,   84,  504, 1260, 1680, 1260,  504,   84,   36,  252,  756, 1260, 1260,  756,  252, &
!        36,    9,   72,  252,  504,  630,  504,  252,   72,    9,    1,    9,   36,   84,  126,  126,   84,   36,    9,    1]
!
!integer, parameter :: g10(66) = [&
! 1,   10,   10,   45,   90,   45,  120,  360,  360,  120,  210,  840, 1260,  840,  210,  252, 1260, 2520, 2520, 1260,  252, &
!       210, 1260, 3150, 4200, 3150, 1260,  210,  120,  840, 2520, 4200, 4200, 2520,  840,  120,   45,  360, 1260, 2520, 3150, &
!      2520, 1260,  360,   45,   10,   90,  360,  840, 1260, 1260,  840,  360,   90,   10,    1,   10,   45,  120,  210,  252, & 
!       210,  120,   45,   10,    1 ]


!integer, parameter :: matr(28,28) = reshape( [& ! up to rank 6
! 1,  2,  3,  4,  5,  6,  7,  8,  9, 10, 11, 12, 13, 14, 15, 16, 17, 18, 19, 20, 21, 22, 23, 24, 25, 26, 27, 28,&
! 2,  4,  5,  7,  8,  9, 11, 12, 13, 14, 16, 17, 18, 19, 20, 22, 23, 24, 25, 26, 27, 29, 30, 31, 32, 33, 34, 35,&
! 3,  5,  6,  8,  9, 10, 12, 13, 14, 15, 17, 18, 19, 20, 21, 23, 24, 25, 26, 27, 28, 30, 31, 32, 33, 34, 35, 36,&
! 4,  7,  8, 11, 12, 13, 16, 17, 18, 19, 22, 23, 24, 25, 26, 29, 30, 31, 32, 33, 34, 37, 38, 39, 40, 41, 42, 43,&
! 5,  8,  9, 12, 13, 14, 17, 18, 19, 20, 23, 24, 25, 26, 27, 30, 31, 32, 33, 34, 35, 38, 39, 40, 41, 42, 43, 44,&
! 6,  9, 10, 13, 14, 15, 18, 19, 20, 21, 24, 25, 26, 27, 28, 31, 32, 33, 34, 35, 36, 39, 40, 41, 42, 43, 44, 45,&
! 7, 11, 12, 16, 17, 18, 22, 23, 24, 25, 29, 30, 31, 32, 33, 37, 38, 39, 40, 41, 42, 46, 47, 48, 49, 50, 51, 52,&
! 8, 12, 13, 17, 18, 19, 23, 24, 25, 26, 30, 31, 32, 33, 34, 38, 39, 40, 41, 42, 43, 47, 48, 49, 50, 51, 52, 53,&
! 9, 13, 14, 18, 19, 20, 24, 25, 26, 27, 31, 32, 33, 34, 35, 39, 40, 41, 42, 43, 44, 48, 49, 50, 51, 52, 53, 54,&
!10, 14, 15, 19, 20, 21, 25, 26, 27, 28, 32, 33, 34, 35, 36, 40, 41, 42, 43, 44, 45, 49, 50, 51, 52, 53, 54, 55,&
!11, 16, 17, 22, 23, 24, 29, 30, 31, 32, 37, 38, 39, 40, 41, 46, 47, 48, 49, 50, 51, 56, 57, 58, 59, 60, 61, 62,&
!12, 17, 18, 23, 24, 25, 30, 31, 32, 33, 38, 39, 40, 41, 42, 47, 48, 49, 50, 51, 52, 57, 58, 59, 60, 61, 62, 63,&
!13, 18, 19, 24, 25, 26, 31, 32, 33, 34, 39, 40, 41, 42, 43, 48, 49, 50, 51, 52, 53, 58, 59, 60, 61, 62, 63, 64,&
!14, 19, 20, 25, 26, 27, 32, 33, 34, 35, 40, 41, 42, 43, 44, 49, 50, 51, 52, 53, 54, 59, 60, 61, 62, 63, 64, 65,&
!15, 20, 21, 26, 27, 28, 33, 34, 35, 36, 41, 42, 43, 44, 45, 50, 51, 52, 53, 54, 55, 60, 61, 62, 63, 64, 65, 66,&
!16, 22, 23, 29, 30, 31, 37, 38, 39, 40, 46, 47, 48, 49, 50, 56, 57, 58, 59, 60, 61, 67, 68, 69, 70, 71, 72, 73,&
!17, 23, 24, 30, 31, 32, 38, 39, 40, 41, 47, 48, 49, 50, 51, 57, 58, 59, 60, 61, 62, 68, 69, 70, 71, 72, 73, 74,&
!18, 24, 25, 31, 32, 33, 39, 40, 41, 42, 48, 49, 50, 51, 52, 58, 59, 60, 61, 62, 63, 69, 70, 71, 72, 73, 74, 75,&
!19, 25, 26, 32, 33, 34, 40, 41, 42, 43, 49, 50, 51, 52, 53, 59, 60, 61, 62, 63, 64, 70, 71, 72, 73, 74, 75, 76,&
!20, 26, 27, 33, 34, 35, 41, 42, 43, 44, 50, 51, 52, 53, 54, 60, 61, 62, 63, 64, 65, 71, 72, 73, 74, 75, 76, 77,&
!21, 27, 28, 34, 35, 36, 42, 43, 44, 45, 51, 52, 53, 54, 55, 61, 62, 63, 64, 65, 66, 72, 73, 74, 75, 76, 77, 78,&
!22, 29, 30, 37, 38, 39, 46, 47, 48, 49, 56, 57, 58, 59, 60, 67, 68, 69, 70, 71, 72, 79, 80, 81, 82, 83, 84, 85,&
!23, 30, 31, 38, 39, 40, 47, 48, 49, 50, 57, 58, 59, 60, 61, 68, 69, 70, 71, 72, 73, 80, 81, 82, 83, 84, 85, 86,&
!24, 31, 32, 39, 40, 41, 48, 49, 50, 51, 58, 59, 60, 61, 62, 69, 70, 71, 72, 73, 74, 81, 82, 83, 84, 85, 86, 87,&
!25, 32, 33, 40, 41, 42, 49, 50, 51, 52, 59, 60, 61, 62, 63, 70, 71, 72, 73, 74, 75, 82, 83, 84, 85, 86, 87, 88,&
!26, 33, 34, 41, 42, 43, 50, 51, 52, 53, 60, 61, 62, 63, 64, 71, 72, 73, 74, 75, 76, 83, 84, 85, 86, 87, 88, 89,&
!27, 34, 35, 42, 43, 44, 51, 52, 53, 54, 61, 62, 63, 64, 65, 72, 73, 74, 75, 76, 77, 84, 85, 86, 87, 88, 89, 90,&
!28, 35, 36, 43, 44, 45, 52, 53, 54, 55, 62, 63, 64, 65, 66, 73, 74, 75, 76, 77, 78, 85, 86, 87, 88, 89, 90, 91&
!], shape(matr) )

! 


!integer, parameter :: gg(0:285) = &
![  1, & ! for the 0th index! Fucking shit should use 0-indexing!
!   1,   1,   1, &
!   1,   2,   2,   1,   2,   1, &
!   1,   3,   3,   3,   6,   3,   1,   3,   3,   1, &
!   1,   4,   4,   6,  12,   6,   4,  12,  12,   4,   1,   4,   6,   4,   1, &
!   1,   5,   5,  10,  20,  10,  10,  30,  30,  10,   5,  20,  30,  20,   5,   1,   5,  10,  10,   5,   1, &
!   1,   6,   6,  15,  30,  15,  20,  60,  60,  20,  15,  60,  90,  &
!       60,  15,   6,  30,  60,  60,  30,   6,   1,   6,  15,  20,  15,   6,   1, &
!   1,   7,   7,  21,  42,  21,  35, 105, 105,  35,  35, 140, 210, 140,  35,  21, 105, 210, 210, 105,  21, &
!        7,  42, 105, 140, 105,  42,   7,   1,   7,  21,  35,  35,  21,   7,   1, &
!   1,   8,   8,  28,  56,  28,  56, 168, 168,  56,  70, 280, 420, 280,  70,  56, 280, 560, 560, 280,  56,  &
!       28, 168, 420, 560, 420, 168,  28,   8,  56, 168, 280, 280, 168,  56,   8,   1,   8,  28,  56,  70,  &
!       56,  28,   8,   1, &
!   1,    9,    9,   36,   72,   36,   84,  252,  252,   84,  126,  504,  756,  504,  126,  126,  630, 1260, &
!      1260,  630,  126,   84,  504, 1260, 1680, 1260,  504,   84,   36,  252,  756, 1260, 1260,  756,  252, &
!        36,    9,   72,  252,  504,  630,  504,  252,   72,    9,    1,    9,   36,   84,  126,  126,   84,   36,    9,    1, &
!   1,   10,   10,   45,   90,   45,  120,  360,  360,  120,  210,  840, 1260,  840,  210,  252, 1260, 2520, 2520, 1260,  252, &
!       210, 1260, 3150, 4200, 3150, 1260,  210,  120,  840, 2520, 4200, 4200, 2520,  840,  120,   45,  360, 1260, 2520, 3150, &
!      2520, 1260,  360,   45,   10,   90,  360,  840, 1260, 1260,  840,  360,   90,   10,    1,   10,   45,  120,  210,  252, & 
!       210,  120,   45,   10,    1 &
!]





!integer, parameter :: matr10(66,66) = reshape( [& !up to rank=10
! 1,2,3,4,5,6,7,8,9,10,11,12,13,14,15,16,17,18,19,20,21,22,23,24,25,26,27,28,29,30,31,32,33,34,35,36,37,38,39,40,41,42,43,44,45,&
! 46,47,48,49,50,51,52,53,54,55,56,57,58,59,60,61,62,63,64,65,66,2,4,5,7,8,9,11,12,13,14,16,17,18,19,20,22,23,24,25,26,27,29,30,&
! 31,32,33,34,35,37,38,39,40,41,42,43,44,46,47,48,49,50,51,52,53,54,56,57,58,59,60,61,62,63,64,65,67,68,69,70,71,72,73,74,75,76,&
! 77,3,5,6,8,9,10,12,13,14,15,17,18,19,20,21,23,24,25,26,27,28,30,31,32,33,34,35,36,38,39,40,41,42,43,44,45,47,48,49,50,51,52,53,&
! 54,55,57,58,59,60,61,62,63,64,65,66,68,69,70,71,72,73,74,75,76,77,78,4,7,8,11,12,13,16,17,18,19,22,23,24,25,26,29,30,31,32,33,&
! 34,37,38,39,40,41,42,43,46,47,48,49,50,51,52,53,56,57,58,59,60,61,62,63,64,67,68,69,70,71,72,73,74,75,76,79,80,81,82,83,84,85,&
! 86,87,88,89,5,8,9,12,13,14,17,18,19,20,23,24,25,26,27,30,31,32,33,34,35,38,39,40,41,42,43,44,47,48,49,50,51,52,53,54,57,58,59,&
! 60,61,62,63,64,65,68,69,70,71,72,73,74,75,76,77,80,81,82,83,84,85,86,87,88,89,90,6,9,10,13,14,15,18,19,20,21,24,25,26,27,28,31,&
! 32,33,34,35,36,39,40,41,42,43,44,45,48,49,50,51,52,53,54,55,58,59,60,61,62,63,64,65,66,69,70,71,72,73,74,75,76,77,78,81,82,83,&
! 84,85,86,87,88,89,90,91,7,11,12,16,17,18,22,23,24,25,29,30,31,32,33,37,38,39,40,41,42,46,47,48,49,50,51,52,56,57,58,59,60,61,&
! 62,63,67,68,69,70,71,72,73,74,75,79,80,81,82,83,84,85,86,87,88,92,93,94,95,96,97,98,99,100,101,102,8,12,13,17,18,19,23,24,25,&
! 26,30,31,32,33,34,38,39,40,41,42,43,47,48,49,50,51,52,53,57,58,59,60,61,62,63,64,68,69,70,71,72,73,74,75,76,80,81,82,83,84,85,&
! 86,87,88,89,93,94,95,96,97,98,99,100,101,102,103,9,13,14,18,19,20,24,25,26,27,31,32,33,34,35,39,40,41,42,43,44,48,49,50,51,52,&
! 53,54,58,59,60,61,62,63,64,65,69,70,71,72,73,74,75,76,77,81,82,83,84,85,86,87,88,89,90,94,95,96,97,98,99,100,101,102,103,104,&
! 10,14,15,19,20,21,25,26,27,28,32,33,34,35,36,40,41,42,43,44,45,49,50,51,52,53,54,55,59,60,61,62,63,64,65,66,70,71,72,73,74,75,&
! 76,77,78,82,83,84,85,86,87,88,89,90,91,95,96,97,98,99,100,101,102,103,104,105,11,16,17,22,23,24,29,30,31,32,37,38,39,40,41,46,&
! 47,48,49,50,51,56,57,58,59,60,61,62,67,68,69,70,71,72,73,74,79,80,81,82,83,84,85,86,87,92,93,94,95,96,97,98,99,100,101,106,107,&
! 108,109,110,111,112,113,114,115,116,12,17,18,23,24,25,30,31,32,33,38,39,40,41,42,47,48,49,50,51,52,57,58,59,60,61,62,63,68,69,&
! 70,71,72,73,74,75,80,81,82,83,84,85,86,87,88,93,94,95,96,97,98,99,100,101,102,107,108,109,110,111,112,113,114,115,116,117,13,&
! 18,19,24,25,26,31,32,33,34,39,40,41,42,43,48,49,50,51,52,53,58,59,60,61,62,63,64,69,70,71,72,73,74,75,76,81,82,83,84,85,86,87,&
! 88,89,94,95,96,97,98,99,100,101,102,103,108,109,110,111,112,113,114,115,116,117,118,14,19,20,25,26,27,32,33,34,35,40,41,42,43,&
! 44,49,50,51,52,53,54,59,60,61,62,63,64,65,70,71,72,73,74,75,76,77,82,83,84,85,86,87,88,89,90,95,96,97,98,99,100,101,102,103,&
! 104,109,110,111,112,113,114,115,116,117,118,119,15,20,21,26,27,28,33,34,35,36,41,42,43,44,45,50,51,52,53,54,55,60,61,62,63,64,&
! 65,66,71,72,73,74,75,76,77,78,83,84,85,86,87,88,89,90,91,96,97,98,99,100,101,102,103,104,105,110,111,112,113,114,115,116,117,&
! 118,119,120,16,22,23,29,30,31,37,38,39,40,46,47,48,49,50,56,57,58,59,60,61,67,68,69,70,71,72,73,79,80,81,82,83,84,85,86,92,93,&
! 94,95,96,97,98,99,100,106,107,108,109,110,111,112,113,114,115,121,122,123,124,125,126,127,128,129,130,131,17,23,24,30,31,32,&
! 38,39,40,41,47,48,49,50,51,57,58,59,60,61,62,68,69,70,71,72,73,74,80,81,82,83,84,85,86,87,93,94,95,96,97,98,99,100,101,107,&
! 108,109,110,111,112,113,114,115,116,122,123,124,125,126,127,128,129,130,131,132,18,24,25,31,32,33,39,40,41,42,48,49,50,51,52,&
! 58,59,60,61,62,63,69,70,71,72,73,74,75,81,82,83,84,85,86,87,88,94,95,96,97,98,99,100,101,102,108,109,110,111,112,113,114,115,&
! 116,117,123,124,125,126,127,128,129,130,131,132,133,19,25,26,32,33,34,40,41,42,43,49,50,51,52,53,59,60,61,62,63,64,70,71,72,&
! 73,74,75,76,82,83,84,85,86,87,88,89,95,96,97,98,99,100,101,102,103,109,110,111,112,113,114,115,116,117,118,124,125,126,127,&
! 128,129,130,131,132,133,134,20,26,27,33,34,35,41,42,43,44,50,51,52,53,54,60,61,62,63,64,65,71,72,73,74,75,76,77,83,84,85,86,&
! 87,88,89,90,96,97,98,99,100,101,102,103,104,110,111,112,113,114,115,116,117,118,119,125,126,127,128,129,130,131,132,133,134,&
! 135,21,27,28,34,35,36,42,43,44,45,51,52,53,54,55,61,62,63,64,65,66,72,73,74,75,76,77,78,84,85,86,87,88,89,90,91,97,98,99,100,&
! 101,102,103,104,105,111,112,113,114,115,116,117,118,119,120,126,127,128,129,130,131,132,133,134,135,136,22,29,30,37,38,39,46,&
! 47,48,49,56,57,58,59,60,67,68,69,70,71,72,79,80,81,82,83,84,85,92,93,94,95,96,97,98,99,106,107,108,109,110,111,112,113,114,&
! 121,122,123,124,125,126,127,128,129,130,137,138,139,140,141,142,143,144,145,146,147,23,30,31,38,39,40,47,48,49,50,57,58,59,60,&
! 61,68,69,70,71,72,73,80,81,82,83,84,85,86,93,94,95,96,97,98,99,100,107,108,109,110,111,112,113,114,115,122,123,124,125,126,&
! 127,128,129,130,131,138,139,140,141,142,143,144,145,146,147,148,24,31,32,39,40,41,48,49,50,51,58,59,60,61,62,69,70,71,72,73,&
! 74,81,82,83,84,85,86,87,94,95,96,97,98,99,100,101,108,109,110,111,112,113,114,115,116,123,124,125,126,127,128,129,130,131,132,&
! 139,140,141,142,143,144,145,146,147,148,149,25,32,33,40,41,42,49,50,51,52,59,60,61,62,63,70,71,72,73,74,75,82,83,84,85,86,87,&
! 88,95,96,97,98,99,100,101,102,109,110,111,112,113,114,115,116,117,124,125,126,127,128,129,130,131,132,133,140,141,142,143,144,&
! 145,146,147,148,149,150,26,33,34,41,42,43,50,51,52,53,60,61,62,63,64,71,72,73,74,75,76,83,84,85,86,87,88,89,96,97,98,99,100,&
! 101,102,103,110,111,112,113,114,115,116,117,118,125,126,127,128,129,130,131,132,133,134,141,142,143,144,145,146,147,148,149,&
! 150,151,27,34,35,42,43,44,51,52,53,54,61,62,63,64,65,72,73,74,75,76,77,84,85,86,87,88,89,90,97,98,99,100,101,102,103,104,111,&
! 112,113,114,115,116,117,118,119,126,127,128,129,130,131,132,133,134,135,142,143,144,145,146,147,148,149,150,151,152,28,35,36,&
! 43,44,45,52,53,54,55,62,63,64,65,66,73,74,75,76,77,78,85,86,87,88,89,90,91,98,99,100,101,102,103,104,105,112,113,114,115,116,&
! 117,118,119,120,127,128,129,130,131,132,133,134,135,136,143,144,145,146,147,148,149,150,151,152,153,29,37,38,46,47,48,56,57,&
! 58,59,67,68,69,70,71,79,80,81,82,83,84,92,93,94,95,96,97,98,106,107,108,109,110,111,112,113,121,122,123,124,125,126,127,128,&
! 129,137,138,139,140,141,142,143,144,145,146,154,155,156,157,158,159,160,161,162,163,164,30,38,39,47,48,49,57,58,59,60,68,69,&
! 70,71,72,80,81,82,83,84,85,93,94,95,96,97,98,99,107,108,109,110,111,112,113,114,122,123,124,125,126,127,128,129,130,138,139,&
! 140,141,142,143,144,145,146,147,155,156,157,158,159,160,161,162,163,164,165,31,39,40,48,49,50,58,59,60,61,69,70,71,72,73,81,&
! 82,83,84,85,86,94,95,96,97,98,99,100,108,109,110,111,112,113,114,115,123,124,125,126,127,128,129,130,131,139,140,141,142,143,&
! 144,145,146,147,148,156,157,158,159,160,161,162,163,164,165,166,32,40,41,49,50,51,59,60,61,62,70,71,72,73,74,82,83,84,85,86,&
! 87,95,96,97,98,99,100,101,109,110,111,112,113,114,115,116,124,125,126,127,128,129,130,131,132,140,141,142,143,144,145,146,147,&
! 148,149,157,158,159,160,161,162,163,164,165,166,167,33,41,42,50,51,52,60,61,62,63,71,72,73,74,75,83,84,85,86,87,88,96,97,98,&
! 99,100,101,102,110,111,112,113,114,115,116,117,125,126,127,128,129,130,131,132,133,141,142,143,144,145,146,147,148,149,150,&
! 158,159,160,161,162,163,164,165,166,167,168,34,42,43,51,52,53,61,62,63,64,72,73,74,75,76,84,85,86,87,88,89,97,98,99,100,101,&
! 102,103,111,112,113,114,115,116,117,118,126,127,128,129,130,131,132,133,134,142,143,144,145,146,147,148,149,150,151,159,160,&
! 161,162,163,164,165,166,167,168,169,35,43,44,52,53,54,62,63,64,65,73,74,75,76,77,85,86,87,88,89,90,98,99,100,101,102,103,104,&
! 112,113,114,115,116,117,118,119,127,128,129,130,131,132,133,134,135,143,144,145,146,147,148,149,150,151,152,160,161,162,163,&
! 164,165,166,167,168,169,170,36,44,45,53,54,55,63,64,65,66,74,75,76,77,78,86,87,88,89,90,91,99,100,101,102,103,104,105,113,114,&
! 115,116,117,118,119,120,128,129,130,131,132,133,134,135,136,144,145,146,147,148,149,150,151,152,153,161,162,163,164,165,166,&
! 167,168,169,170,171,37,46,47,56,57,58,67,68,69,70,79,80,81,82,83,92,93,94,95,96,97,106,107,108,109,110,111,112,121,122,123,&
! 124,125,126,127,128,137,138,139,140,141,142,143,144,145,154,155,156,157,158,159,160,161,162,163,172,173,174,175,176,177,178,&
! 179,180,181,182,38,47,48,57,58,59,68,69,70,71,80,81,82,83,84,93,94,95,96,97,98,107,108,109,110,111,112,113,122,123,124,125,&
! 126,127,128,129,138,139,140,141,142,143,144,145,146,155,156,157,158,159,160,161,162,163,164,173,174,175,176,177,178,179,180,&
! 181,182,183,39,48,49,58,59,60,69,70,71,72,81,82,83,84,85,94,95,96,97,98,99,108,109,110,111,112,113,114,123,124,125,126,127,&
! 128,129,130,139,140,141,142,143,144,145,146,147,156,157,158,159,160,161,162,163,164,165,174,175,176,177,178,179,180,181,182,&
! 183,184,40,49,50,59,60,61,70,71,72,73,82,83,84,85,86,95,96,97,98,99,100,109,110,111,112,113,114,115,124,125,126,127,128,129,&
! 130,131,140,141,142,143,144,145,146,147,148,157,158,159,160,161,162,163,164,165,166,175,176,177,178,179,180,181,182,183,184,&
! 185,41,50,51,60,61,62,71,72,73,74,83,84,85,86,87,96,97,98,99,100,101,110,111,112,113,114,115,116,125,126,127,128,129,130,131,&
! 132,141,142,143,144,145,146,147,148,149,158,159,160,161,162,163,164,165,166,167,176,177,178,179,180,181,182,183,184,185,186,&
! 42,51,52,61,62,63,72,73,74,75,84,85,86,87,88,97,98,99,100,101,102,111,112,113,114,115,116,117,126,127,128,129,130,131,132,133,&
! 142,143,144,145,146,147,148,149,150,159,160,161,162,163,164,165,166,167,168,177,178,179,180,181,182,183,184,185,186,187,43,52,&
! 53,62,63,64,73,74,75,76,85,86,87,88,89,98,99,100,101,102,103,112,113,114,115,116,117,118,127,128,129,130,131,132,133,134,143,&
! 144,145,146,147,148,149,150,151,160,161,162,163,164,165,166,167,168,169,178,179,180,181,182,183,184,185,186,187,188,44,53,54,&
! 63,64,65,74,75,76,77,86,87,88,89,90,99,100,101,102,103,104,113,114,115,116,117,118,119,128,129,130,131,132,133,134,135,144,&
! 145,146,147,148,149,150,151,152,161,162,163,164,165,166,167,168,169,170,179,180,181,182,183,184,185,186,187,188,189,45,54,55,&
! 64,65,66,75,76,77,78,87,88,89,90,91,100,101,102,103,104,105,114,115,116,117,118,119,120,129,130,131,132,133,134,135,136,145,&
! 146,147,148,149,150,151,152,153,162,163,164,165,166,167,168,169,170,171,180,181,182,183,184,185,186,187,188,189,190,46,56,57,&
! 67,68,69,79,80,81,82,92,93,94,95,96,106,107,108,109,110,111,121,122,123,124,125,126,127,137,138,139,140,141,142,143,144,154,&
! 155,156,157,158,159,160,161,162,172,173,174,175,176,177,178,179,180,181,191,192,193,194,195,196,197,198,199,200,201,47,57,58,&
! 68,69,70,80,81,82,83,93,94,95,96,97,107,108,109,110,111,112,122,123,124,125,126,127,128,138,139,140,141,142,143,144,145,155,&
! 156,157,158,159,160,161,162,163,173,174,175,176,177,178,179,180,181,182,192,193,194,195,196,197,198,199,200,201,202,48,58,59,&
! 69,70,71,81,82,83,84,94,95,96,97,98,108,109,110,111,112,113,123,124,125,126,127,128,129,139,140,141,142,143,144,145,146,156,&
! 157,158,159,160,161,162,163,164,174,175,176,177,178,179,180,181,182,183,193,194,195,196,197,198,199,200,201,202,203,49,59,60,&
! 70,71,72,82,83,84,85,95,96,97,98,99,109,110,111,112,113,114,124,125,126,127,128,129,130,140,141,142,143,144,145,146,147,157,&
! 158,159,160,161,162,163,164,165,175,176,177,178,179,180,181,182,183,184,194,195,196,197,198,199,200,201,202,203,204,50,60,61,&
! 71,72,73,83,84,85,86,96,97,98,99,100,110,111,112,113,114,115,125,126,127,128,129,130,131,141,142,143,144,145,146,147,148,158,&
! 159,160,161,162,163,164,165,166,176,177,178,179,180,181,182,183,184,185,195,196,197,198,199,200,201,202,203,204,205,51,61,62,&
! 72,73,74,84,85,86,87,97,98,99,100,101,111,112,113,114,115,116,126,127,128,129,130,131,132,142,143,144,145,146,147,148,149,&
! 159,160,161,162,163,164,165,166,167,177,178,179,180,181,182,183,184,185,186,196,197,198,199,200,201,202,203,204,205,206,52,&
! 62,63,73,74,75,85,86,87,88,98,99,100,101,102,112,113,114,115,116,117,127,128,129,130,131,132,133,143,144,145,146,147,148,149,&
! 150,160,161,162,163,164,165,166,167,168,178,179,180,181,182,183,184,185,186,187,197,198,199,200,201,202,203,204,205,206,207,&
! 53,63,64,74,75,76,86,87,88,89,99,100,101,102,103,113,114,115,116,117,118,128,129,130,131,132,133,134,144,145,146,147,148,149,&
! 150,151,161,162,163,164,165,166,167,168,169,179,180,181,182,183,184,185,186,187,188,198,199,200,201,202,203,204,205,206,207,&
! 208,54,64,65,75,76,77,87,88,89,90,100,101,102,103,104,114,115,116,117,118,119,129,130,131,132,133,134,135,145,146,147,148,&
! 149,150,151,152,162,163,164,165,166,167,168,169,170,180,181,182,183,184,185,186,187,188,189,199,200,201,202,203,204,205,206,&
! 207,208,209,55,65,66,76,77,78,88,89,90,91,101,102,103,104,105,115,116,117,118,119,120,130,131,132,133,134,135,136,146,147,148,&
! 149,150,151,152,153,163,164,165,166,167,168,169,170,171,181,182,183,184,185,186,187,188,189,190,200,201,202,203,204,205,206,&
! 207,208,209,210,56,67,68,79,80,81,92,93,94,95,106,107,108,109,110,121,122,123,124,125,126,137,138,139,140,141,142,143,154,155,&
! 156,157,158,159,160,161,172,173,174,175,176,177,178,179,180,191,192,193,194,195,196,197,198,199,200,211,212,213,214,215,216,&
! 217,218,219,220,221,57,68,69,80,81,82,93,94,95,96,107,108,109,110,111,122,123,124,125,126,127,138,139,140,141,142,143,144,155,&
! 156,157,158,159,160,161,162,173,174,175,176,177,178,179,180,181,192,193,194,195,196,197,198,199,200,201,212,213,214,215,216,&
! 217,218,219,220,221,222,58,69,70,81,82,83,94,95,96,97,108,109,110,111,112,123,124,125,126,127,128,139,140,141,142,143,144,145,&
! 156,157,158,159,160,161,162,163,174,175,176,177,178,179,180,181,182,193,194,195,196,197,198,199,200,201,202,213,214,215,216,&
! 217,218,219,220,221,222,223,59,70,71,82,83,84,95,96,97,98,109,110,111,112,113,124,125,126,127,128,129,140,141,142,143,144,145,&
! 146,157,158,159,160,161,162,163,164,175,176,177,178,179,180,181,182,183,194,195,196,197,198,199,200,201,202,203,214,215,216,&
! 217,218,219,220,221,222,223,224,60,71,72,83,84,85,96,97,98,99,110,111,112,113,114,125,126,127,128,129,130,141,142,143,144,145,&
! 146,147,158,159,160,161,162,163,164,165,176,177,178,179,180,181,182,183,184,195,196,197,198,199,200,201,202,203,204,215,216,&
! 217,218,219,220,221,222,223,224,225,61,72,73,84,85,86,97,98,99,100,111,112,113,114,115,126,127,128,129,130,131,142,143,144,&
! 145,146,147,148,159,160,161,162,163,164,165,166,177,178,179,180,181,182,183,184,185,196,197,198,199,200,201,202,203,204,205,&
! 216,217,218,219,220,221,222,223,224,225,226,62,73,74,85,86,87,98,99,100,101,112,113,114,115,116,127,128,129,130,131,132,143,&
! 144,145,146,147,148,149,160,161,162,163,164,165,166,167,178,179,180,181,182,183,184,185,186,197,198,199,200,201,202,203,204,&
! 205,206,217,218,219,220,221,222,223,224,225,226,227,63,74,75,86,87,88,99,100,101,102,113,114,115,116,117,128,129,130,131,132,&
! 133,144,145,146,147,148,149,150,161,162,163,164,165,166,167,168,179,180,181,182,183,184,185,186,187,198,199,200,201,202,203,&
! 204,205,206,207,218,219,220,221,222,223,224,225,226,227,228,64,75,76,87,88,89,100,101,102,103,114,115,116,117,118,129,130,131,&
! 132,133,134,145,146,147,148,149,150,151,162,163,164,165,166,167,168,169,180,181,182,183,184,185,186,187,188,199,200,201,202,&
! 203,204,205,206,207,208,219,220,221,222,223,224,225,226,227,228,229,65,76,77,88,89,90,101,102,103,104,115,116,117,118,119,130,&
! 131,132,133,134,135,146,147,148,149,150,151,152,163,164,165,166,167,168,169,170,181,182,183,184,185,186,187,188,189,200,201,&
! 202,203,204,205,206,207,208,209,220,221,222,223,224,225,226,227,228,229,230,66,77,78,89,90,91,102,103,104,105,116,117,118,119,&
! 120,131,132,133,134,135,136,147,148,149,150,151,152,153,164,165,166,167,168,169,170,171,182,183,184,185,186,187,188,189,190,&
! 201,202,203,204,205,206,207,208,209,210,221,222,223,224,225,226,227,228,229,230,231 &
! ], shape(matr10) )

!integer, parameter :: matr(matsize,matsize) = matr10(1:matsize,1:matsize) 

