
1     2     3     4     5     6     7     8     9     10    11    12    13    14    15    16    17    18    19    20    21
xxxxx xxxxy xxxxz xxxyy xxxyz xxxzz xxyyy xxyyz xxyzz xxzzz xyyyy xyyyz xyyzz xyzzz xzzzz yyyyy yyyyz yyyzz yyzzz yzzzz zzzzz

g:1  4    4    6    12   6    4    12   12   4    1    4    6    4    1 
1    2    3    4    5    6    7    8    9    10   11   12   13   14   15
xxxx xxxy xxxz xxyy xxyz xxzz xyyy xyyz xyzz xzzz yyyy yyyz yyzz yzzz zzzz
xxxx xxxy xxxz xxyy xxyz xyyy xxzz xyyz xyzz yyyy yyyz xzzz yyzz yzzz zzzz


g:1   3   3   3   6   3   1   3   3   1
n:1   2   3   4   5   6   7   8   9   10 
  xxx xxy xxz xyy xyz xzz yyy yyz yzz zzz

g:1  2  2  1  2  1
  xx xy xz yy yz zz 

x y z

!1=4.5
x: 1   2 3   4 5 6   7  8  9  10   11 12 13 14 15                         
y: 2   4 5   7 8 9   11 12 13 14   16 17 18 19 20                         
z: 3   5 6   8 9 10  12 13 14 15   17 18 19 20 21                         

!2=3.5
xx:1   2 3   4  5  6   7  8  9  10 
xy:2   4 5   7  8  9   11 12 13 14
xz:3   5 6   8  9  10  12 13 14 15
yy:4   7 8   11 12 13  16 17 18 19 
yz:5   8 9   12 13 14  17 18 19 20
zz:6   9 10  13 14 15  18 19 20 21

!3=2.5
xxx: 1   2 3     4  5  6  
xxy: 2   4 5     7  8  9  
xxz: 3   5 6     8  9  10 
xyy: 4   7 8     11 12 13 
xyz: 5   8 9     12 13 14 
xzz: 6   9 10    13 14 15 
yyy: 7   11 12   16 17 18 
yyz: 8   12 13   17 18 19 
yzz: 9   13 14   18 19 20  
zzz: 10  14 15   19 20 21

!2=2.4
xx:1 2 3   4  5  6  
xy:2 4 5   7  8  9
xz:3 5 6   8  9  10
yy:4 7 8   11 12 13
yz:5 8 9   12 13 14
zz:6 9 10  13 14 15


: 1    2 3      4  5  6     7  8  9  10    11 12 13 14 15
                                        
: 2    4 5      7  8  9     11 12 13 14    16 17 18 19 20
: 3    5 6      8  9  10    12 13 14 15    17 18 19 20 21
                                        
: 4    7 8      11 12 13    16 17 18 19    22 23 24 25 26
: 5    8 9      12 13 14    17 18 19 20    23 24 25 26 27
: 6    9 10     13 14 15    18 19 20 21    24 25 26 27 28
                                        
: 7    11 12    16 17 18    22 23 24 25    29 30 31 32 33
: 8    12 13    17 18 19    23 24 25 26    30 31 32 33 34
: 9    13 14    18 19 20    24 25 26 27    31 32 33 34 35
: 10   14 15    19 20 21    25 26 27 28    32 32 33 34 35
                                        
: 11   16 17    22 23 24    29 30 31 32    37 38 39 40 41
: 12   17 18    23 24 25    30 31 32 33    38 39 40 41 42
: 13   18 19    24 25 26    31 32 33 34    39 40 41 42 43
: 14   19 20    25 26 27    32 33 34 35    40 41 42 43 44
: 15   20 21    26 27 28    33 34 35 36    41 42 43 44 45

g: 1 3 3 3 6 3 1 3 3 1
1   2   3   4   5   6   7   8   9   10 
xxx xxy xxz xyy xyz xzz yyy yyz yzz zzz

1     2     3     4     5     6     7     8     9     10    11    12    13    14    15    16    17    18    19    20    21
xxxxx xxxxy xxxxz xxxyy xxxyz xxxzz xxyyy xxyyz xxyzz xxzzz xyyyy xyyyz xyyzz xyzzz xzzzz yyyyy yyyyz yyyzz yyzzz yzzzz zzzzz

!1=4.5
1  2  3  4  5  6 
xx xy xz yy yz zz g: 1 2 2 1 2 1

!1=1.2
x:1 2 3
y:2 4 5
z:3 5 6



!1=3.4
x: 1 2 3  4 5 6   7  8  9  10
y: 2 4 5  7 8 9   11 12 13 14
z: 3 5 6  8 9 10  12 13 14 15


1=1.2:
x: 1 2 3
y: 2 4 5
z: 3 5 6

1=2.3:
x: 1 2 3 4 5 6
y: 2 4 5 7 8 9
z: 3 5 6 8 9 10

2=1.3
xx:1 2 3
xy:2 4 5
xz:3 5 6
yy:4 7 8
yz:5 8 9
zz:6 9 10

___________________

xx_xx -1  
xx_xy -2  
xx_xz -3  
xx_yy -4  
xx_yz -5  
xx_zz   

 xy_xx -2  
 xy_xy -4  
 xy_xz -5 
xy_yy   
xy_yz   
xy_zz   

 xz_xx -3        
 xz_xy -5        
 xz_xz         
 xz_yy         
 xz_yz         
xz_zz   

 yy_xx -4
 yy_xy
 yy_xz
yy_yy
yy_yz   
yy_zz

 yz_xx -5
 yz_xy
 yz_xz
 yz_yy
 yz_yz
yz_zz   

 zz_xx
 zz_xy
 zz_xz
 zz_yy
 zz_yz
zz_zz


1  xxxx 1
2  yxxx 2
3  zxxx 2
4  yyxx 3
5  zyxx 4
6  zzxx 3
7  yyyx 2
8  zyyx 4
9  zzyx 4
10 zzzx 2
11 yyyy 1
12 zyyy 2
13 zzyy 3
14 zzzy 2
15 zzzz 1
